
[ Boneco_VariacoesZ ] 2/2/2016 16:19:46
1;-0.0839701; -0.102852; -0.0449982; -0.334602; -0.0917858; 0.125347
1;-0.10579; -0.204335; -1.26827; -0.0194415; -0.147926; 0.873092
1;-0.144843; -0.284259; -1.32872; -0.0494025; -0.197013; 0.575361
1;-0.121116; -0.251513; -1.37261; -0.085195; -0.221493; 0.701545
1;-0.127581; -0.22257; -1.42469; -0.124772; -0.230572; 0.661206
1;-0.0782506; -0.207169; -1.22073; -0.14201; -0.214938; 0.63783
1;-0.0564132; -0.374496; -1.28056; -0.0518666; -0.159938; 1.94907
1;-0.0583928; -0.54049; -1.42873; -0.0793513; -0.153715; 1.92055
1;-0.121398; -0.387107; -1.25052; 0.0724122; -0.173352; 2.28316
1;-0.0847428; -0.413424; -1.0149; 0.0427077; -0.17836; 2.22751
2;-0.0718265; -0.446055; -1.55899; 0.0507854; -0.197552; 2.2103
2;-0.0938194; -0.459806; -2.39824; -0.0974574; -0.229076; 1.59032
2;-0.16945; -0.428009; -2.43558; -0.245013; -0.121172; 1.23489
2;-0.172001; -0.451063; -2.4799; -0.298788; -0.0954042; 1.12696
2;-0.190341; -0.382222; -2.23547; -0.183275; -0.0968448; 1.26116
2;-0.156248; -0.505238; -2.52974; -0.126768; -0.0580415; 1.71418
2;-0.125358; -0.552094; -2.27387; -0.140833; -0.0761397; 1.68661
2;-0.147408; -0.374695; -2.49191; -0.119525; -0.0784279; 1.08177
2;-0.102257; -0.45043; -2.28759; -0.0542815; -0.0317658; 2.12804
2;-0.180239; -0.400172; -2.09713; -0.110359; -0.106397; 1.84333
3;-0.124449; -0.448626; -2.24922; -0.135316; -0.090583; 1.82906
3;-0.301398; -0.688405; -3.52374; -0.554217; -0.0643134; 1.17457
3;-0.215704; -0.650662; -3.32437; -0.0179833; 0.181418; 1.97859
3;-0.22738; -0.728755; -3.357; -0.147115; 0.0976658; 1.87689
3;-0.213779; -0.655952; -3.41784; -0.156164; 0.177565; 1.69679
3;-0.249506; -0.611819; -3.41019; -0.210049; 0.141617; 1.62058
3;-0.185794; -0.627835; -3.44221; -0.216604; 0.14799; 1.61789
3;-0.203119; -0.750926; -3.44293; -0.18988; 0.149162; 1.42617
3;-0.193099; -0.653211; -3.45902; -0.207384; 0.152932; 1.4033
3;-0.191045; -0.691525; -3.499; -0.21212; 0.145245; 1.40829
4;-0.284547; -0.624772; -3.54681; -0.176959; -0.0384383; 1.45695
4;-0.181136; -1.00716; -4.46054; 0.438857; 0.105271; 3.84208
4;-0.172465; -1.12145; -4.47855; 0.410792; 0.0559299; 3.65946
4;-0.140054; -1.05962; -4.47329; 0.370948; 0.0618263; 2.93877
4;-0.216155; -1.03097; -4.61068; 0.284701; -0.000335336; 2.78723
4;-0.187836; -0.923979; -4.38811; 0.213447; -0.0296066; 2.61259
4;-0.162947; -0.875807; -4.32029; 0.188914; -0.0380073; 2.59328
4;-0.164606; -0.889278; -4.57755; 0.376731; 0.0368981; 1.57365
4;-0.137161; -0.761578; -4.40564; 0.288569; -0.0477547; 1.59861
4;-0.133826; -0.799169; -4.47804; 0.252318; -0.0156403; 1.51437
5;-0.201674; -0.817248; -4.60205; 0.254376; -0.0152783; 1.51285
5;-0.305688; -0.843568; -5.75703; -0.365452; -0.0926577; 0.303521
5;-0.339521; -0.740511; -5.66903; -0.387748; -0.10796; 0.23174
5;-0.306741; -0.634452; -5.58087; -0.398939; -0.0322835; -0.0559983
5;-0.352612; -0.621565; -5.65288; -0.39727; -0.0348964; -0.0478348
5;-0.335177; -0.621984; -5.66902; -0.431755; -0.126715; 0.185535
5;-0.36217; -0.687272; -5.60899; -0.30392; -0.0550885; 0.129791
5;-0.277382; -0.673519; -5.79298; -0.304768; 0.0515942; 0.442004
5;-0.365195; -0.736657; -5.56897; -0.257785; -0.00944215; 0.435653
5;-0.367441; -0.67073; -5.56098; -0.252117; -0.0264074; 0.403029
6;-0.302562; -0.791825; -5.62482; -0.211489; 0.00133961; 0.602569
6;-0.401286; -0.913246; -6.81299; -0.2108; -0.00163996; 0.272479
6;-0.360127; -0.836454; -6.72102; -0.331374; 0.00736159; 0.218832
6;-0.422398; -0.839173; -6.65701; -0.294183; -0.128077; 0.176078
6;-0.387626; -0.866672; -6.68099; -0.32266; -0.0813373; 0.109949
6;-0.448583; -0.908504; -6.90862; -0.554077; -0.21895; -0.224797
6;-0.431994; -0.815552; -6.75642; -0.510686; -0.165975; -0.355132
6;-0.425695; -0.735398; -6.76842; -0.532934; -0.164873; -0.347576
6;-0.415024; -0.709371; -6.70033; -0.527141; -0.139891; -0.395906
6;-0.400771; -0.726721; -6.79623; -0.509867; -0.0713286; -0.445185
7;-0.439858; -0.722894; -6.7406; -0.451746; -0.103491; -0.26329
7;-0.398508; -0.945744; -7.58076; -0.539872; -0.0500332; 0.654907
7;-0.402816; -0.978393; -7.61279; -0.542444; -0.0465041; 
[ BonecoVariacoesZ2 ] 2/2/2016 16:28:11
1;0.0482073; -0.106377; 0.0224228; 0.114944; -0.00735562; -0.0430706
1;0.091794; -0.0989919; -1.1092; 0.209837; 0.138255; -0.102247
1;0.0344472; -0.232839; -1.17913; 0.111703; 0.0452072; 1.16664
1;0.0142984; -0.239661; -1.17116; 0.122216; -0.00388035; 1.03562
1;0.00892591; -0.433096; -1.17; -0.314715; -0.160451; 2.03202
1;-0.0227983; -0.414062; -1.14697; -0.458732; -0.175605; 1.68612
1;-0.0681741; -0.389865; -1.16699; -0.458098; -0.186342; 1.67577
1;-0.0360205; -0.466225; -1.12278; -0.326145; -0.275932; 1.75384
1;-0.0250812; -0.347527; -1.1228; -0.346588; -0.282435; 1.74626
1;-0.00993943; -0.43322; -1.16284; -0.330224; -0.290954; 1.72787
2;0.00757146; -0.393176; -1.08281; -0.314386; -0.273489; 1.73663
2;-0.221975; -0.438817; -2.22743; -0.654307; -0.692726; 0.578584
2;-0.115501; -0.488723; -2.21889; -0.030978; -0.533269; 1.56845
2;-0.0615704; -0.423564; -2.06264; 0.0220287; -0.589594; 1.65607
2;-0.0475636; -0.478657; -2.26325; 0.0682695; -0.55504; 1.04614
2;-0.091136; -0.472578; -2.27919; -0.141948; -0.50719; 1.46702
2;-0.115194; -0.421002; -2.15046; 0.0518559; -0.62398; 1.71771
2;-0.028018; -0.415154; -2.19828; 0.0235267; -0.54789; 1.81066
2;-0.0938182; -0.529247; -2.13043; 0.0275515; -0.525342; 1.74572
2;-0.068243; -0.52014; -2.19921; -0.193746; -0.568078; 1.48266
3;-0.121064; -0.469401; -2.29105; 0.128904; -0.654783; 0.725375
3;-0.0777266; -0.479317; -3.23119; 0.0269496; -0.841635; 1.28587
3;-0.041806; -0.506833; -3.28674; 0.0632576; -0.793909; 1.56799
3;-0.0284567; -0.583371; -3.25904; -0.0216691; -0.767031; 1.46884
3;-0.0624235; -0.485943; -3.27517; -0.0127286; -0.733781; 1.35544
3;-0.00763321; -0.464798; -3.20303; 0.115442; -0.607605; 1.28772
3;-0.0467107; -0.555065; -3.30349; -0.221545; -0.613137; 0.69021
3;-0.147728; -0.434659; -3.19152; -0.321329; -0.69221; 0.651431
3;-0.0257189; -0.483174; -3.17559; -0.32094; -0.56069; 0.737491
3;-0.132141; -0.443329; -3.33795; -0.232555; -0.600476; -0.069316
4;-0.064976; -0.307404; -3.13478; -0.473999; -0.606194; 0.194739
4;-0.0159965; -0.736081; -4.22905; 0.613677; -0.111086; 1.72138
4;-0.119464; -0.685996; -4.33878; 0.182903; -0.499479; 1.40311
4;-0.079227; -0.649409; -4.21793; 0.257031; -0.402246; 1.77525
4;-0.0490808; -0.74277; -4.37419; 0.218265; -0.407457; 1.69769
4;-0.0561078; -0.69809; -4.30261; 0.234859; -0.422863; 1.43978
4;-0.0353518; -0.598728; -4.25089; 0.220657; -0.442991; 1.21168
4;-0.0999544; -0.563748; -4.25496; 0.167255; -0.466149; 1.25329
4;-0.140032; -0.654769; -4.33107; 0.115682; -0.473767; 1.24526
4;-0.0882983; -0.583155; -4.08846; 0.326789; -0.489415; 2.20119
5;-0.0776606; -0.702919; -4.20979; 0.256751; -0.469486; 1.83055
5;-0.00960279; -0.780247; -5.283; 0.14511; -0.319587; 1.26178
5;-0.0189648; -0.702329; -5.3341; 0.540628; -0.243224; 0.854646
5;0.018786; -0.708468; -5.3221; 0.507643; -0.232625; 0.698846
5;-0.0225928; -0.668522; -5.39366; 0.314294; -0.347207; 0.133273
5;-0.0627127; -0.629621; -5.31429; 0.323137; -0.333634; 0.444334
5;-0.0462384; -0.545703; -5.282; 0.181682; -0.241195; 0.152025
5;-0.0452385; -0.579967; -5.29792; 0.217522; -0.192908; 0.151239
5;-0.0509377; -0.599391; -5.35379; 0.228009; -0.217513; 0.109444
5;0.0544977; -0.616308; -5.40854; 0.51744; -0.111938; -0.0620938
6;-0.0448771; -0.621079; -5.40503; 0.271027; -0.248104; -0.11447
6;-0.0692141; -0.525603; -6.33346; 0.0515369; -0.190885; -0.97523
6;-0.154549; -0.918007; -6.31909; -0.196005; -0.537564; 1.56084
6;-0.180609; -0.975609; -6.33512; -0.34486; -0.6765; 1.59441
6;-0.1404; -1.0124; -6.27116; -0.37031; -0.613022; 2.70961
6;-0.123724; -0.965861; -6.31353; -0.214338; -0.442042; 2.15088
6;-0.149734; -1.12959; -6.43707; -0.228962; -0.402101; 2.27609
6;-0.123285; -1.05316; -6.40523; -0.225557; -0.40313; 2.23427
6;-0.112662; -1.07719; -6.37409; -0.297489; -0.473285; 2.00136
6;-0.162181; -0.897254; -6.2746; -0.358887; -0.583159; 1.83268
7;-0.168725; -0.89597; -6.31491; -0.408459; -0.684715; 1.71053
7;-0.20719; -0.913904; -7.0517; -0.554865; -0.681464; 1.10146
7;-0.167382; -0.954391; -7.17463; -0.424223; -0.582489; 0.133715
7;-0.163225; -0.840547; -7.13504; -0.1762; -0.528394; 0.386446
7;-0.154373; -0.900401; -7.24706; -0.196085; -0.544455; 0.38903
7;-0.0966029; -0.940495; -7.05924; -0.126242; -0.437407; 1.41937
7;-0.136304; -0.921924; -7.08761; -0.214483; -0.221165; 0.924002
7;-0.119623; -1.00272; -7.19935; -0.300515; -0.30252; 0.521446
7;-0.136637; -0.918472; -7.15137; -0.304387; -0.299034; 0.531958
7;-0.182396; -0.91124; -7.15954; -0.267999; -0.347682; 0.711991
8;-0.187296; -0.724956; -7.24787; -0.655972; -0.50602; -1.28314
8;-0.248492; -0.964024; -8.50725; -0.256486; -0.614488; 0.472301
8;-0.232204; -0.810498; -8.66006; 0.409781; -0.929204; -1.63822
8;-0.170341; -0.71737; -8.59127; 0.511722; -0.817425; -1.69897
8;-0.127458; -0.781116; -8.63422; 0.846987; -0.635288; -2.13647
8;-0.148883; -0.717163; -8.65366; 0.812759; -0.746893; -2.20977
8;-0.131331; -0.759429; -8.67238; 0.836377; -0.724294; -2.32928
8;-0.119268; -0.586597; -8.63654; 0.937873; -0.571445; -2.6527
8;-0.120998; -0.666171; -8.63921; 1.10174; -0.492059; -2.70502
8;-0.10275; -0.598565; -8.57167; 1.0447; -0.526228; -2.68778

[ BonecoVariacoesZ3 ] 2/2/2016 16:31:3
1;0.0641866; -0.103865; 0.0362377; 0.773257; -0.194277; 1.15965
1;0.155505; -0.0698252; -1.09137; 1.23309; 0.0279089; -1.192
1;0.197084; 0.0569406; -1.11901; 0.833221; 0.179669; -2.16795
1;0.223136; 0.111736; -1.069; 0.918423; 0.328714; -1.967
1;0.156669; 0.141716; -1.07693; 0.930447; 0.358721; -1.96989
1;0.179411; 0.115108; -1.06827; 0.952961; 0.34614; -2.02587
1;0.154629; 0.0746121; -1.11822; 0.845912; 0.321986; -2.23487
1;0.227771; 0.103886; -1.06976; 0.951269; 0.347184; -2.25139
1;0.169621; 0.0335326; -1.11972; 0.652834; 0.262118; -2.13766
1;0.0696127; 0.150912; -1.07048; 0.321968; 0.385252; -2.28348
2;0.0991175; 0.19431; -1.06686; 0.333503; 0.435829; -2.25018
2;0.196992; -0.0277457; -2.05984; 1.04758; 0.483912; -1.65143
2;0.204444; 0.0150328; -2.01751; 0.981029; 0.467596; -1.90247
2;0.17394; -0.0741334; -2.12961; 0.703044; 0.536758; -1.95507
2;0.141461; 0.0523038; -2.05805; 0.937386; 0.562239; -2.22951
2;0.195691; 0.00485468; -2.13735; 0.824095; 0.58337; -2.94592
2;0.184632; 0.104422; -2.11207; 0.845138; 0.527067; -2.73753
2;0.189692; 0.0501165; -2.15005; 0.72006; 0.559622; -3.46782
2;0.178121; 0.0991454; -2.12623; 0.706965; 0.547373; -3.4578
2;0.237568; 0.199069; -2.05611; 1.17066; 0.972439; -2.96467
3;0.16872; 0.085547; -2.15167; 0.700485; 0.586329; -3.36294
3;0.0817504; 0.135485; -3.1706; 0.829583; 0.331298; -4.15765
3;0.163276; -0.231662; -3.14555; 1.29045; 0.509249; -1.38013
3;0.141829; -0.195951; -3.10943; 1.17659; 0.519284; -1.85174
3;0.187479; -0.257759; -3.19675; 1.14797; 0.530844; -1.92682
3;0.143819; -0.210866; -3.1719; 1.0436; 0.505477; -2.03699
3;0.13698; -0.221271; -3.18712; 0.956566; 0.518252; -2.13041
3;0.143166; -0.0538898; -3.1667; 1.09751; 0.526894; -3.36013
3;0.118663; 0.116389; -3.1155; 1.29882; 0.355198; -3.25908
3;0.150078; 0.00334454; -3.16681; 1.09908; 0.330465; -3.35261
4;0.151011; 0.0144296; -3.1832; 0.927808; 0.434683; -3.6217
4;0.105236; -0.212132; -4.22149; 0.766604; 0.621268; -3.22974
4;0.0789685; -0.111549; -4.21021; 0.591977; 0.533635; -3.20271
4;-0.0437799; -0.0836635; -4.19145; 0.169806; 0.392523; -3.67651
4;-0.049803; -0.142234; -4.24561; 0.0610433; 0.539846; -3.79244
4;-0.00872231; -0.064672; -4.1649; 0.249902; 0.511665; -3.58164
4;0.0662627; -0.126161; -4.18661; 0.345378; 0.663042; -3.46578
4;0.0841117; -0.107855; -4.17195; 0.609353; 0.795992; -3.35475
4;0.0191789; -0.108929; -4.20136; 0.482594; 0.714315; -3.53836
4;0.136161; -0.110212; -4.18493; 0.864058; 0.73593; -3.51994
5;0.0421417; -0.179884; -4.22269; 0.65414; 0.451478; -3.69175
5;0.149772; -0.20267; -5.29485; 0.900079; 0.538864; -4.1334
5;0.0944304; -0.112048; -5.29081; 0.65042; 0.600221; -4.39333
5;0.102907; -0.384835; -5.29474; 0.827937; 0.661559; -2.19274
5;0.0954795; -0.321153; -5.19274; 0.678229; 0.74732; -2.04049
5;-0.000544071; -0.401819; -5.29138; 0.196083; 0.456928; -2.54825
5;0.0247459; -0.331441; -5.29066; 0.2861; 0.592727; -2.60199
5;0.0584588; -0.311559; -5.29003; 0.495348; 0.730617; -2.63513
5;-0.0247536; -0.305193; -5.28627; 0.172652; 0.455844; -2.94125
5;-0.00645375; -0.217486; -5.3203; -0.0861852; 0.699867; -4.10855
6;0.00459218; -0.229801; -5.32036; 0.0223494; 0.684447; -4.10727
6;0.006603; -0.301843; -6.30761; 0.684965; -0.139491; -3.09256
6;-0.0219111; -0.300891; -6.34836; 0.454149; -0.00400227; -4.09375
6;0.00801301; -0.271937; -6.30826; 0.492869; 0.0595177; -3.60825
6;-0.0223889; -0.342706; -6.30781; 0.348572; 0.176355; -2.81928
6;-0.0278461; -0.372358; -6.35992; 0.854451; 0.0710823; -3.58715
6;0.0084033; -0.371131; -6.36736; 0.426417; 0.475121; -4.15361
6;-0.0272381; -0.342011; -6.37602; 0.611707; 0.430629; -3.61225
6;0.00898862; -0.410996; -6.38439; 0.635328; 0.439956; -3.83705
6;-0.0131531; -0.520881; -6.22413; 0.599092; 0.375201; -1.29648
7;-0.0655015; -0.57762; -6.3145; 0.521358; -0.108181; -1.90006
7;0.00380635; -0.456913; -7.36383; 1.08632; -0.0381756; -3.55197
7;-0.0253456; -0.736673; -7.3704; 0.474435; -0.230568; -2.27716
7;-0.12066; -0.441834; -7.34122; -0.00567599; -0.215771; -4.05615
7;-0.0873122; -0.468732; -7.37207; 0.0402198; -0.22226; -3.63816
7;-0.0804069; -0.633422; -7.37882; 0.058399; 0.00213319; -3.18915
7;-0.160794; -0.53634; -7.37295; -0.134302; -0.143322; -3.03456
7;-0.0502427; -0.29718; -7.32181; 0.445305; 0.0529479; -4.46476
7;-0.0262074; -0.288262; -7.35034; 0.419276; 0.153522; -4.43757
7;-0.0877309; -0.0763588; -7.29347; 0.175098; -0.0226058; -7.90291
8;-0.0774403; -0.293346; -7.35091; 0.0505902; 0.078806; -5.24393
8;-0.122079; -0.492167; -8.40359; 0.864248; -0.402434; -4.54519
8;0.105167; -0.756687; -8.42648; 1.82004; 0.0692617; -3.43763
8;0.0158682; -1.18423; -8.34441; 1.40815; 0.359225; 0.512302
8;-0.0216284; -0.666073; -8.4157; 0.985602; 0.293283; -3.57927
8;-0.00204802; -0.536843; -8.40011; 1.15807; 0.357732; -4.47098
8;0.0182242; -0.514715; -8.40698; 1.17368; 0.491491; -5.14961
8;-0.0761058; -0.487629; -8.40694; 0.950519; 0.295747; -4.78018
8;-0.0687668; -0.479915; -8.39755; 0.981811; 0.275334; -4.63833
8;0.0753121; -0.523665; -8.39786; 1.28701; 0.602416; -4.56862

[ BonecoVariacoesX ] 2/2/2016 16:38:22
1;0.0319815; 0.109421; 0.124123; 0.00680032; -0.204628; -0.0988022
1;-2.01713; 0.0281115; 0.0409775; 0.729975; -0.242772; -0.00967729
1;-2.05245; -0.107643; -0.238541; 0.719247; -0.253868; -0.250967
1;-2.01389; 0.00263023; 0.0533485; 0.71376; -0.276281; -0.21201
1;-2.05006; 0.0273561; 0.065403; 0.710643; -0.274042; -0.237763
1;-2.03598; -0.0555201; -0.00578308; 0.740224; -0.277026; -0.498518
1;-2.0455; 0.0268688; -0.293728; 0.738508; -0.288512; -0.517132
1;-2.01555; -0.0519896; 0.0180092; 0.752563; -0.247221; -0.42125
1;-2.01727; -0.0148134; -0.0274315; 0.659494; -0.211493; -1.11152
1;-2.07735; 0.102972; -0.0113869; 0.664357; -0.208957; -1.1182
2;-2.07692; 0.0295725; -0.127834; 0.601882; -0.266437; -1.05591
2;-4.17106; 0.212686; 0.136421; 0.633748; -0.846186; -1.09397
2;-4.13302; 0.109207; 0.21323; 0.850875; -0.769105; 0.0340232
2;-4.14943; -0.070467; -0.0347557; 0.806282; -0.754461; -0.0454986
2;-4.09501; 0.111877; 0.317245; 0.807516; -0.716586; -0.0458286
2;-4.1494; -0.130356; -0.24297; 0.788335; -0.715586; 0.0507349
2;-4.09484; 0.0504856; 0.168957; 0.773671; -0.711518; 0.0722446
2;-4.11903; 0.0528221; 0.140491; 0.678602; -0.717165; 0.260965
2;-4.10556; -0.049984; 0.164494; 0.679543; -0.70814; 0.266186
2;-4.13629; -0.0288248; -0.0675774; 0.666486; -0.684246; 0.311944
3;-4.14305; -0.132664; -0.0512733; 0.58477; -0.663013; -0.0550559
3;-6.38831; -0.00711441; 0.176384; -0.507907; -0.796818; -0.107698
3;-6.36721; -0.115212; -0.0472527; -0.594311; -0.779941; -0.216865
3;-6.46266; 0.0920382; 0.00928879; -0.969629; -0.827203; -0.105731
3;-6.38011; -0.0959616; 0.143799; -0.290885; -0.617938; 0.99897
3;-6.35634; -0.129815; 0.360218; -0.276488; -0.598718; 1.24897
3;-6.37207; -0.172079; 0.196064; -0.296538; -0.622216; 1.16521
3;-6.30022; -0.228376; 0.0440941; -0.289836; -0.596882; 1.18133
3;-6.3527; -0.239571; 0.164165; -0.283304; -0.608762; 1.22066
3;-6.35907; -0.138771; 0.300175; -0.290545; -0.614864; 1.22366
4;-6.35932; -0.1478; 0.356388; -0.438632; -0.569327; 1.26795
4;-8.47966; -0.420418; 0.391415; -0.279702; -0.904869; 3.35714
4;-8.46145; -0.486614; 0.515587; -0.261062; -0.891333; 3.37857
4;-8.48572; -0.475124; 0.451447; -0.23614; -0.885713; 3.36355
4;-8.46047; -0.492322; 0.343304; -0.221106; -0.876791; 3.34761
4;-8.52095; -0.48542; 0.451168; -0.207195; -0.883732; 3.33213
4;-8.49914; -0.509806; 0.183159; -0.280631; -0.990925; 2.80261
4;-8.54892; -0.439083; 0.394833; -0.238609; -1.00787; 2.75746
4;-8.47378; -0.441174; 0.416435; -0.263331; -0.988523; 2.36223
4;-8.43555; -0.288068; 0.18082; -0.274048; -0.981705; 2.43002
5;-8.52258; -0.437567; 0.200695; -0.262316; -0.980165; 2.40882
5;-10.5625; -0.403835; 0.0567055; 0.164607; -0.866791; 2.40029
5;-10.5469; -0.43874; 0.0756035; 0.221319; -0.885209; 2.18175
5;-10.5559; -0.37331; 0.0317574; 0.251902; -0.883365; 2.20636
5;-10.5632; -0.358667; 0.0998077; 0.269227; -0.909267; 2.21238
5;-10.5583; -0.427024; 0.103802; 0.292419; -0.916578; 2.20613
5;-10.5803; -0.352623; 0.276031; 0.308218; -0.926078; 2.24725
5;-10.5613; -0.332417; 0.331913; 0.31539; -0.934433; 2.22254
5;-10.522; -0.262002; 0.127888; 0.417233; -1.00231; 0.39548
5;-10.5161; -0.150692; 0.0723724; 0.663858; -1.07332; 0.380734
6;-10.4802; -0.177902; -0.0394478; 0.723889; -1.05165; 0.325108
6;-12.5144; -0.445228; 0.259151; 0.305607; -0.898261; 2.77318
6;-12.4939; -0.441986; 0.211498; 0.350582; -0.890056; 2.81587
6;-12.4133; -0.495271; 0.124142; 0.322742; -0.882065; 2.91261
6;-12.4645; -0.481564; 0.192856; 0.344491; -0.913552; 3.0064
6;-12.46; -0.519579; 0.314854; 0.533239; -0.809305; 3.22377
6;-12.4064; -0.611389; 0.138844; 0.543481; -0.817851; 3.22044
6;-12.4589; -0.515551; 0.310627; 0.623425; -0.84218; 3.17259
6;-12.4206; -0.512297; 0.13847; 0.624979; -0.860638; 3.15254
6;-12.4567; -0.536915; 0.158924; 0.617607; -0.812716; 3.21151
7;-12.4891; -0.528816; 0.290604; 0.616845; -0.79; 3.17133
7;-14.2088; -0.0409307; 0.259251; 3.82834; -0.994885; 0.0659512
7;-14.272; -0.516175; 0.350758; 2.92867; -0.661896; 3.5277
7;-14.2534; -0.661655; 0.0106277; 2.93424; -0.658776; 3.50751
7;-14.3043; -0.
[ BonecoVariacoes ] 2/2/2016 16:53:10
1;0.0889044; -0.0955968; -0.273389; 0.196208; -1.76682; 3.13117
1;0.0394421; -0.0844822; -0.239194; 0.332117; -1.98754; 3.07237
1;0.0488396; -0.217026; -0.308345; 0.178682; -1.89236; 3.46613
1;0.00136852; -0.0659971; -0.279906; 0.2457; -1.69641; 2.61659
1;0.0359211; -0.127518; -0.271995; 0.537236; -1.765; 3.00985
1;0.027401; 0.120238; -0.272043; 0.664517; -1.34287; 0.875325
1;0.207236; -0.036871; -0.0102768; 0.429838; -2.13164; 4.24555
1;0.117545; 0.830504; -0.122147; 1.44844; -0.303859; -4.60976
1;0.156073; -0.479231; -0.245734; 1.04913; -2.58456; 5.34485
1;0.0359335; -0.112431; -0.264228; 0.341294; -1.93514; 2.76712
2;0.0523596; -0.121027; -0.281201; 0.30815; -1.84321; 2.82453
2;0.0235977; -0.167185; -0.316729; 0.372775; -1.88371; 2.86014
2;-0.082653; 0.823189; -0.175943; 0.166997; -0.11599; -4.97363
2;-0.0689726; -0.269777; -0.277863; -0.706478; -2.06795; 4.0549
2;0.0819473; 0.227778; -0.245185; 0.971469; -1.44744; 0.00991678
2;0.147821; -0.195711; -0.262248; 1.03351; -2.1534; 3.14161
2;-0.0961571; -0.00573158; -0.295944; -0.83998; -2.1286; 2.29027
2;-0.141387; 0.133843; -0.281848; -0.941826; -1.59228; 0.38337
2;-0.0937738; 0.141052; -0.269678; -0.571667; -1.71193; 1.08708
2;-0.160807; 0.0755157; -0.311043; -0.669335; -1.69525; 1.39325
3;-0.0866137; 0.0395546; -0.309542; -0.390161; -1.73073; 1.48487
3;-0.0433493; 0.0179377; -0.2763; -0.297073; -1.79245; 2.08992
3;-0.0421591; 0.0216951; -0.268651; -0.6422; -1.83054; 2.52354
3;-0.0449047; -0.363175; -0.345044; -0.258174; -1.92487; 3.42805
3;-0.00301743; -0.239182; -0.29684; 0.215922; -2.121; 3.59257
3;-0.0158014; -0.0992999; -0.32167; -0.232444; -1.82595; 2.63947
3;0.0363207; -0.153991; -0.268776; 0.00487185; -1.78333; 3.79657
3;-0.0133181; -0.15024; -0.276858; 0.0976765; -1.9676; 2.94064
3;0.00239468; -0.108823; -0.27992; -0.0203478; -2.05965; 3.63116
3;0.0507507; -0.0324101; -0.27742; 1.05603; -2.30994; 2.28782
4;0.0819597; -0.196108; -0.383458; 0.941935; -2.05116; 2.69979
4;-0.00346565; -0.0911741; -0.348885; 0.0467548; -2.02898; 2.12554
4;0.026372; -0.0398631; -0.29267; 0.186155; -2.09888; 1.91361
4;0.0272942; -0.274673; -0.270617; 0.200764; -2.34114; 4.54896
4;0.0533838; -0.352499; -0.293654; 0.313338; -2.31066; 4.64925
4;0.206057; -0.431475; -0.0864706; 0.735319; -3.12563; 6.49886
4;0.10531; -0.235947; -0.282328; 1.18398; -2.42603; 3.42388
4;0.159622; -0.239472; -0.224797; 0.991605; -2.4591; 3.93811
4;0.101261; 0.090126; -0.241508; 1.1938; -1.81149; 0.688391
4;-0.0817699; -0.236198; -0.318618; -0.832709; -2.14041; 3.41389
5;-0.0402079; -0.229982; -0.330309; 0.00437689; -2.08995; 4.03847
5;0.278645; -2.12688; 0.751046; 4.12842; -2.86239; 0.99865
5;0.52842; 0.928104; 1.50626; 1.84555; 7.66741; -14.5983
5;0.144163; -0.156392; -0.280749; 1.39121; -0.973228; 2.32725
5;0.0352392; 0.00883389; -0.269754; 0.452765; -1.3304; 1.94753
5;0.0710649; 0.228316; -0.238761; 0.820035; -1.37811; 0.676785
5;-0.0215311; -0.065711; -0.276848; 0.0487337; -1.69991; 3.33385
5;-0.0115423; -0.205565; -0.313278; 0.272757; -1.59273; 3.22796
5;0.0817747; -0.251335; -0.274219; 0.421761; -2.0453; 4.21518
5;0.0277319; -0.21633; -0.270024; 0.483352; -1.92736; 3.67018
6;0.0249825; -0.00621843; -0.276256; 0.554001; -1.51798; 1.93322
6;0.0435133; 0.0194302; -0.374547; 0.503774; -1.40872; 2.06774
6;0.0579195; 0.0525312; -0.2851; 0.421719; -1.44569; 2.19489
6;-1.01602; -1.98663; 0.684274; -3.60427; -3.90406; -0.197803
6;-0.153141; -1.56748; 0.781947; 0.72581; 2.71103; -2.00113
6;0.436267; 0.928139; 1.45161; 0.0418594; 6.04699; -13.1401
6;-0.10189; 0.0637264; -0.289909; -0.550113; -1.63336; 1.69032
6;-0.0740404; -0.145325; -0.249193; -0.362265; -1.74169; 3.30839
6;-0.114693; -0.166491; -0.315753; -0.160505; -1.91934; 2.93411
6;-0.00551987; -0.157306; -0.30761; 0.0423605; -2.07019; 3.17616
7;-0.0166941; -0.0583262; -0.238547; -0.0331113; -2.07496; 2.95854
7;-0.037961; -0.0194244; -0.277883; 0.0324106; -1.74536; 1.86469
7;-0.00762081; -0.0514965; -0.264261; -0.46922; -1.88346; 3.07025
7;0.0806808; -0.10143; -0.211108; -0.305113; -2.01793; 3.63666
7;0.0834866; -0.0560145; -0.276337; 1.19135; -1.88614; 2.0249
7;0.159791; -0.0949903; -0.206662; 1.01135; -2.06184; 3.15193
7;0.11624; -0.0829091; -0.233083; 1.55573; -2.26033; 1.89932
7;0.158197; -0.222166; -0.260849; 1.55979; -2.3813; 3.47909
7;0.16096; -0.225673; -0.292765; 1.58416; -2.22021; 3.03511
7;0.175374; -0.0492501; -0.317855; 1.62633; -2.37262; 2.40837
8;0.172792; -0.0396175; -0.273188; 1.34497; -2.10009; 1.96007
8;0.114407; 0.00928879; -0.251475; 1.0884; -1.94313; 1.82994
8;0.084506; -0.0283146; -0.316558; 0.713215; -1.83446; 1.80882
8;0.18812; -0.510113; -0.217742; 1.08016; -3.01678; 6.33614
8;0.00283337; -0.242227; -0.279643; -0.120038; -2.54825; 4.02495
8;0.0763054; -0.270214; -0.287964; 0.680417; -2.47126; 3.22589
8;0.0279455; 0.132098; -0.223859; 0.363095; -1.9484; 1.70723
8;0.0380526; 0.101049; -0.226483; 0.301603; -1.92626; 1.85199
8;-0.0117311; 0.274405; -0.236488; 0.814338; -1.32316; -1.14327
8;0.0950193; -0.170412; -0.252639; 0.799988; -2.32966; 3.51776

[ BonecoComVariacoesEmX2comZ32 ] 2/2/2016 16:53:44
1;0.205997; -0.0269146; -0.276568; 1.01806; -2.14165; 3.02501
1;-2.08196; 0.336832; -0.0478621; -0.941216; -2.66593; 0.0994811
1;-2.05806; 0.32621; -0.057992; -0.884596; -2.89574; 0.71107
1;-2.02815; 0.126274; -0.0690594; -0.757304; -3.03424; 1.50646
1;-2.05431; 0.244425; -0.0516233; -1.46158; -2.83613; 1.36892
1;-2.07824; 0.078651; -0.0481701; -1.16683; -3.00106; 2.50238
1;-2.00205; -0.117531; -0.0640345; -1.00747; -3.40968; 4.00916
1;-1.96391; -0.0669975; -0.0543852; -0.0642726; -3.20329; 2.78307
1;-1.90097; -0.145424; -0.071393; -0.0725384; -3.29863; 3.32048
1;-1.9641; -0.00577688; -0.0714188; -0.369548; -3.23566; 2.61256
2;-1.96473; 0.0232315; -0.0343246; -0.288214; -3.28405; 2.97612
2;-3.89153; -0.244733; -0.0343409; 0.0267892; -3.28554; 4.53654
2;-3.86238; -0.30972; -0.00593853; -0.219563; -3.44319; 4.83591
2;-3.89389; -0.235633; 0.0596533; -0.342237; -3.60263; 5.25851
2;-3.94228; -0.459006; -0.0574646; -0.39561; -3.74771; 5.5935
2;-4.03785; -0.45352; -0.0799999; -0.681635; -3.79511; 5.76832
2;-4.01226; -0.435526; -0.0623608; -1.08856; -3.81515; 5.40843
2;-4.01525; -0.45932; -0.0307589; -1.10068; -3.83512; 5.59286
2;-4.11081; -0.499694; -0.106709; -1.0697; -4.03139; 5.71234
2;-3.99753; -0.563939; -0.0320234; -0.763716; -4.22368; 6.76463
3;-3.91749; -0.667323; -0.0219936; -0.60139; -4.27151; 7.0663
3;-6.20197; -0.211426; -0.0462112; -1.69009; -4.58663; 3.75368
3;-6.20781; -0.18199; -0.0676403; -1.13025; -4.52848; 3.30147
3;-6.12715; -0.142761; -0.0208178; -1.23631; -4.41162; 3.90414
3;-6.13675; -0.223724; -0.0399609; -1.39427; -4.30672; 3.65046
3;-6.18056; -0.143672; -0.0229263; -1.46238; -4.36906; 4.03316
3;-6.20892; -0.105349; 0.0838537; -2.0216; -4.07184; 4.53238
3;-6.22382; -0.0675144; 0.0600147; -2.21832; -4.46768; 4.36667
3;-6.30234; -0.112407; 0.0279207; -2.1117; -4.53367; 4.45254
3;-6.22978; -0.119708; 0.160476; -2.35326; -4.47453; 5.16118
4;-6.29518; -0.202376; -0.0652475; -2.11417; -4.52833; 3.95284
4;-8.38233; 0.107169; 0.0530691; -2.14057; -3.95632; 3.12187
4;-8.3306; -0.0860901; -0.0248365; -1.71858; -3.93639; 3.5492
4;-8.32948; -0.0409923; -0.0716457; -1.61059; -3.96289; 2.99878
4;-8.28308; 0.0368242; -0.0187912; -1.60362; -3.81577; 2.91217
4;-8.33807; 0.191283; 0.0122099; -1.99732; -3.86787; 2.4564
4;-8.34741; 0.269669; -0.00305176; -1.79368; -3.79723; 1.49861
4;-8.25716; 0.199072; -0.0789719; -1.35448; -3.4806; 0.834939
4;-8.27956; -0.273176; 0.0171862; -1.12997; -4.77006; 5.50958
4;-8.21922; -0.190771; 0.035964; -1.45119; -4.33669; 5.20488
5;-8.26953; 0.324223; -0.0404873; -0.796935; -4.17025; 0.906645
5;-10.2042; 0.0344481; 0.128573; -0.733702; -4.54282; 3.62175
5;-10.1082; -0.0924921; 0.128901; -0.613777; -4.77121; 4.3472
5;-10.1743; -0.0245771; 0.13314; -0.548578; -4.646; 4.40237
5;-10.1587; -0.128429; 0.0811071; -0.814525; -4.54557; 4.04298
5;-10.08; 0.0109539; 0.14729; -0.0544066; -4.27826; 4.08358
5;-10.0018; -0.0107288; 0.214365; 0.120887; -4.24268; 4.58786
5;-10.099; -0.224837; 0.0493164; -0.331095; -4.54384; 4.77038
5;-10.1154; -0.179884; 0.133631; -0.237372; -4.51529; 4.90987
5;-10.1606; -0.233372; 0.0643864; -0.370808; -4.52784; 4.92778
6;-10.0533; -0.180536; 0.159812; -0.363478; -4.46963; 5.12944
6;-12.2497; 0.447166; 0.201098; -0.775003; -4.73711; 0.1119
6;-12.2351; 0.435963; 0.233187; -0.745559; -4.75993; 0.824807
6;-12.1696; 0.201697; 0.182187; -0.433629; -4.63587; 1.75298
6;-12.1646; 0.0562816; 0.20698; -0.326568; -4.50345; 3.23775
6;-12.1231; -0.0147681; 0.21417; -0.307885; -4.46812; 3.35325
6;-12.1178; 0.218044; 0.228848; -0.214705; -4.34737; 2.34742
6;-12.1358; 0.134615; 0.246744; -0.260367; -4.39192; 2.50007
6;-12.2347; 0.195066; 0.248822; -0.488605; -4.51476; 2.14466
6;-12.2239; 0.303252; 0.155391; -0.894009; -4.33538; 0.38615
7;-12.2314; 0.320967; 0.197324; -0.686471; -4.46173; 1.10262
7;-14.1179; 0.985472; 2.23734; 2.66377; -8.56481; -13.7753
7;-14.3585; 0.483735; 0.546404; -0.476514; -5.36768; 0.634143
7;-14.2877; 0.140891; 0.513323; -0.263921; -4.83754; 2.26708
7;-14.2381; 0.100972; 0.516957; 0.377928; -4.66012; 2.90441
7;-13.813; 0.0820675; 1.89098; 3.2625; -8.30312; -7.68906
7;-14.4021; 0.02354; 0.476372; -1.45253; -4.75595; 1.66158
7;-14.3295; 0.0787601; 0.587447; -0.7601; -4.89764; 3.23893
7;-14.4187; 0.0265222; 0.504485; -0.75951; -4.8946; 3.12138
7;-14.3013; -0.0926442; 0.485733; -0.682435; -4.74159; 3.04821
8;-14.3497; -0.0821061; 0.461493; -0.654802; -4.71147; 2.68418
8;-16.3841; 0.157698; 0.30321; -1.94908; -5.09007; 1.29485
8;-16.631; 0.00124073; 1.65834; -0.895741; -7.09541; -6.93061
8;-16.2901; 0.292085; 0.288063; -1.69622; -5.42259; -0.542021
8;-16.1913; -0.044384; 0.337959; -0.235876; -5.35526; 2.99593
8;-16.3374; 0.05509; 0.302401; -1.88337; -5.40846; 1.96655
8;-16.3975; -0.0181642; 0.247119; -1.83358; -5.52716; 1.92562
8;-16.5011; 3.76593; 1.36749; -3.11202; 3.10734; -18.7745
8;-16.0183; 0.143044; 1.596; -0.704664; -6.45966; -7.92098
8;-16.4959; 0.0842218; 0.318799; -1.71909; -5.6717; 2.32756

[ bb ] 2/2/2016 16:58:33
1;-0.0707742; 0.0947618; -0.0389023; -0.772302; 0.0549149; -1.05491
1;-0.0442272; 0.0532126; -0.0273628; -0.217554; 0.0666273; -0.0800631
1;-0.0991016; 0.1134; -0.0254498; -0.568589; 0.176114; -0.640398
1;-0.0679164; 0.258537; -0.000437737; -0.588848; 0.107965; -1.20952
1;-0.01705; 0.355193; -0.03228; -0.277509; 0.377409; -3.23822
1;0.00155076; 0.315419; -0.0413523; 0.0949144; 0.219052; -2.44854
1;-0.0546581; 0.0741525; -0.052659; -0.04847; -0.0592809; -1.24153
1;-0.0962069; 0.463507; -0.0355263; -0.578882; 0.193742; -3.39675
1;0.117686; 0.511709; -0.0204659; 0.497017; 0.687261; -4.04235
1;-0.0132866; 0.253932; 0.0226364; -0.379334; 0.411101; -1.39073
2;-0.0313555; 0.217147; -0.000629425; -0.355935; 0.322522; -1.4466
2;-0.0289537; -0.0548573; -0.047102; -0.52492; 0.157773; -0.395595
2;-0.0796683; 0.098484; -0.0561838; -1.02863; 0.208355; -1.80475
2;-0.0753797; 0.24862; -0.00610924; -0.46103; 0.0453706; -1.73353
2;-0.0510657; 0.102568; -0.0396585; -0.383962; 0.326651; -1.55319
2;-0.0368635; 0.113594; 0.0479193; -0.23883; 0.287993; 0.0114119
2;-0.0823322; 0.0812802; -0.0223475; -0.277162; -0.003712; -0.79877
2;-0.0700072; 0.0868478; -0.0654306; -0.434815; -0.078503; -1.01211
2;-0.0585018; 0.104506; -0.052453; -0.470974; -0.0867347; -1.13835
2;-0.0660867; 0.0718837; -0.0618296; -0.269943; -0.168009; -1.27702
3;-0.118107; 0.208653; -0.00808716; -0.390913; -0.0889818; -1.51776
3;-0.0926113; 0.713793; -0.000658989; -0.321994; -0.160195; -5.83842
3;-0.0630469; 0.450409; -0.0456953; -0.433097; -0.0337498; -3.69058
3;-0.115554; 0.544491; -0.017663; -0.469118; 0.0324775; -5.49166
3;-0.0300227; 0.160662; -0.00930023; -0.148183; -0.290295; -1.24807
3;0.0219043; 0.0465846; -0.0368881; -0.0147452; -0.0727926; -1.19361
3;0.0149291; 0.150353; -0.0336533; -0.268968; -0.140386; -1.29383
3;-0.0713269; 0.102572; -0.0537214; -0.512076; 0.0705023; -1.79323
3;-0.0628475; 0.0789742; -0.018075; -0.29525; -0.050686; -0.343542
3;-0.0377147; 0.0134778; -0.0491982; -0.501764; 0.106784; -0.624104
4;-0.0873093; 0.0420179; -0.0291061; -0.423184; 0.0354595; -0.0128496
4;-0.0567893; -0.193346; -0.0320244; -0.0907302; 0.0202708; 1.12263
4;0.00288782; -0.12099; -0.00306225; -0.173547; -0.0538296; 0.676556
4;-0.0541648; -0.118237; -0.0602036; -0.185254; -0.0904277; 0.0914067
4;-0.0347269; -0.0278606; -0.0237131; -0.122333; 0.0111943; 0.0820199
4;0.0484355; 0.0695376; -0.0236187; 0.262332; 0.0221311; -0.106413
4;0.0675283; 0.00436974; 0.00380898; 0.223916; -0.0295699; -0.0659847
4;0.0246651; 0.173048; -0.060873; 0.431745; 0.0278575; -1.61804
4;-0.00683816; 0.0743461; -0.0264521; 0.303257; 0.270852; -0.75079
4;0.0467055; 0.0250111; -0.0575285; 0.0707638; 0.34129; -1.06071
5;-0.0327697; 0.395265; -0.046032; -0.184171; 0.315284; -4.0293
5;-0.0503096; 0.303855; -0.027894; -0.519726; 0.16808; -2.26805
5;-0.0430266; 0.231594; -0.0620613; -0.154986; -0.021966; -2.80879
5;-0.0501467; 0.237537; -0.0690794; -0.22048; -0.00750554; -2.63078
5;-0.0652438; -0.334469; -0.0348902; -0.33263; -0.219262; 2.17854
5;-0.146209; -0.038269; -0.046608; -0.984181; -0.327967; -0.231991
5;-0.146247; 0.189679; -0.0525398; -0.925232; -0.201827; -2.37752
5;-0.129086; 0.310798; -0.0140533; -0.975767; -0.0884899; -2.57523
5;-0.148475; 0.30336; -0.0255537; -0.932617; -0.0998061; -2.30394
5;-0.125213; 0.254543; -0.0127182; -0.71467; -0.00371403; -1.62807
6;-0.0927645; 0.103106; -0.0286407; -0.843074; 0.151; -1.32105
6;-0.0395018; 0.0116525; -0.0248213; 0.164292; 0.0180371; -0.04163
6;0.0140914; 0.000396729; 0.00355244; -0.0575316; 0.0470981; 0.294757
6;0.0086852; -0.026844; -0.0212412; 0.103391; -0.0458381; -0.0500898
6;-0.00814693; 0.504574; 0.0103502; -0.219736; 0.0766742; -3.84314
6;-0.0454363; 0.311646; 0.00999928; -0.360006; -0.0508922; -2.02669
6;-0.0236913; 0.0411954; -0.0255127; -0.206365; -0.251384; -0.340009
6;-0.0648758; -0.0373764; -0.0929213; -0.0433984; -0.188952; -0.262792
6;-0.0431845; -0.0347528; -0.0595436; 0.0367033; -0.175597; -0.372571
6;-0.0492315; -0.0489259; -0.0670357; 0.0735426; -0.207818; -0.40386
7;0.0522574; -0.0385094; -0.0145035; 0.517809; -0.311967; 0.065334
7;0.0718515; 0.0198288; 0.00908566; 0.308247; -0.0929438; -0.155615
7;0.0978427; -0.0907288; -0.0412254; 0.442855; -0.073746; -0.235572
7;-0.0018317; 0.140284; -0.0697184; 0.0242083; -0.112681; -2.15793
7;0.063064; 0.278604; -0.0215769; 0.295738; 0.159408; -1.99876
7;0.0433159; 0.137669; -0.00186157; -0.0540171; 0.291286; -0.674472
7;-0.102824; -0.0416484; -0.0261774; -0.484838; 0.613067; 0.102858
7;-0.0434563; -0.0327163; -0.0580101; -0.413682; 0.483205; -0.45306
7;-0.0565934; 0.0187378; -0.0644512; -0.192058; 0.394044; -0.949007
7;-0.0295154; 0.25727; 0.0106068; -0.414244; 0.304722; -1.77118
8;0.078458; -0.0992985; 0.0409002; 0.553703; 0.498488; 1.23327
8;0.0457018; -0.0396681; -0.0661297; 0.369919; 0.247085; -0.195306
8;-0.0376344; 0.151024; -0.0538492; -0.273402; 0.126702; -1.99387
8;-0.0979682; 0.490211; -0.0282478; -0.857193; -0.038046; -3.67532
8;-0.105291; 0.479374; -0.00811768; -0.740868; 0.0157477; -3.41341
8;-0.13325; 0.398141; -0.0527353; -0.432534; -0.090507; -3.74531
8;-0.0890594; 0.274266; -0.0141296; -0.385578; -0.133129; -1.69159
8;-0.161161; 0.28688; -0.0500717; -0.684513; -0.284032; -2.17029
8;-0.0904563; 0.346805; -0.000847816; -0.580458; -0.183669; -2.22131
8;-0.00275338; -0.0527349; 0.0376148; 0.139055; -0.0328386; 1.14984

[ bonecovariacaoy ] 2/2/2016 17:18:42
1;0.00967079; 0.262609; 0.0946693; -0.224592; 0.574404; -2.71901
1;0.127894; -0.496577; -0.0855198; 1.21279; -0.482145; 4.28686
1;0.158965; -0.630835; -0.0924129; 1.18359; -0.520904; 5.22169
1;0.137256; -0.495255; -0.101543; 1.29626; -0.541686; 3.20389
1;0.14272; -0.351716; -0.076931; 0.949418; -0.49594; 2.26553
1;0.123284; -0.3989; -0.0586815; 1.36009; -0.704629; 3.53107
1;0.118593; -0.252089; -0.0855179; 0.863585; -0.363547; 1.50974
1;-0.00165361; -0.627822; 0.0527973; -0.284848; -0.376693; 5.8161
1;-0.00946105; -0.313913; -0.0135975; -0.127939; -0.100043; 2.41313
1;-0.0776821; -0.263018; -0.0375099; -0.196674; -0.331665; 2.63975
2;-0.11236; -0.383338; -0.0905895; -0.364238; -0.502445; 2.73814
2;-0.0363669; -0.478687; 0.0143929; -0.202136; -0.592612; 5.18398
2;0.00762284; -0.327957; -0.0469475; 0.509088; -0.508532; 3.31448
2;-0.0333716; -0.338415; -0.0084877; 0.464856; -0.821459; 4.24743
2;0.103852; -0.534665; 0.000637054; 0.600892; -0.762767; 5.1494
2;0.0255758; -0.596722; -0.0903912; 0.718872; -0.783516; 4.69011
2;0.0694994; -0.611165; -0.0868301; 0.612931; -0.737428; 4.73841
2;0.043836; -0.531857; -0.0787315; 0.619626; -0.713724; 4.72923
2;0.0273911; -0.266983; -0.0869884; 0.602995; -0.589827; 1.40486
2;0.0678427; -0.550868; -0.0723686; 0.816434; -0.711122; 4.85308
3;0.071696; -0.36077; -0.0932789; 0.949725; -0.570538; 2.49631
3;0.111408; -0.27184; -0.0550423; 0.709569; -0.266107; 3.0594
3;0.0456806; -0.288725; -0.0594788; 0.479768; -0.521391; 3.351
3;0.0720604; -0.469609; -0.0939522; 0.48108; -0.505192; 3.25564
3;0.0549654; -0.44237; -0.0967827; 0.38145; -0.401788; 3.44568
3;0.0725679; -0.285485; -0.0635967; 0.501306; -0.408627; 2.87463
3;-0.0329793; -0.396972; -0.0969448; 0.378529; -0.509832; 2.96642
3;-0.0170988; -0.095211; -0.0210762; -0.0977311; -0.317275; 0.5311
3;-0.0437547; -0.0730333; -0.0579491; -0.162595; -0.389096; 1.08668
3;-0.0780275; -0.0220823; -0.0540142; -0.167718; -0.409409; 0.257022
4;-0.0522009; -0.202064; -0.0751553; -0.114593; -0.612732; 0.957385
4;-0.116271; 0.0240583; -0.0396156; -0.423117; -0.584807; 0.362523
4;-0.126615; -0.142309; -0.0693836; -0.520968; -0.663575; 0.78319
4;-0.108857; -0.0725584; -0.0354481; -0.399894; -0.79146; 1.37638
4;-0.00886321; -0.711426; -0.012104; 0.16547; -0.861533; 6.24952
4;-0.0733972; -0.469302; -0.0547676; -0.527371; -0.521068; 3.26446
4;-0.00545496; -0.368865; -0.0794697; 0.488506; -0.528991; 2.42502
4;-0.0257727; -0.256592; -0.041853; 0.47999; -0.777885; 2.55455
4;0.0290366; -0.25087; -0.0866966; 0.365534; -0.764818; 2.83782
4;-0.0117677; -0.205996; -0.0512428; 0.224995; -0.877711; 2.44303
5;0.0364508; -0.287804; -0.0646439; 0.163014; -0.780565; 2.31391
5;-0.00356644; -0.27636; -0.090353; 0.38884; -0.612396; 1.57821
5;-0.01621; -0.0179796; -0.0393486; 0.158677; -0.670311; 0.268265
5;-0.092782; -0.0759792; -0.0568676; -0.0226691; -0.498509; 1.018
5;-0.0601379; -0.37924; -0.0455971; -0.15831; -0.616941; 3.34264
5;-0.065653; -0.34552; -0.0197258; -0.381573; -0.699397; 3.28214
5;-0.160094; -0.190488; -0.0361576; -0.296571; -0.730495; 2.37124
5;-0.0119939; -0.202373; 0.0291405; -0.239046; -0.719015; 2.50353
5;0.108235; -0.329172; -0.0608101; 0.395889; -0.0517491; 2.50658
5;0.14801; -0.458504; 0.128763; 1.20786; -0.0971835; 5.51128
6;0.0862181; -0.362593; -0.0581779; 0.602784; -0.0956208; 3.51077
6;-0.0313388; -0.396504; -0.0562305; 0.318845; -0.299088; 3.41906
6;0.0368919; -0.173067; -0.0694695; 0.691934; -0.290098; 1.33042
6;0.0868222; -0.00822353; -0.0596237; 0.733307; -0.137834; 0.894337
6;0.102858; 0.154153; 0.00370216; 1.10009; -0.0649305; 0.256942
6;0.157088; 0.0151329; -0.0497856; 1.02727; 0.0445723; 0.64133
6;0.09535; -0.219801; 0.0174732; 0.530487; 0.123982; 3.04318
6;0.0832471; -0.344313; -0.0260201; 0.414558; 0.128992; 3.0254
6;0.106224; -0.293388; 0.0150509; 0.425609; 0.206766; 2.73169
6;0.083764; -0.471273; -0.0830593; 0.789228; 0.0251705; 4.4129
7;0.169017; -0.508766; 0.0415916; 0.922236; 0.279386; 5.42379
7;0.13438; -0.624049; -0.0726643; 0.86295; 0.261196; 5.25022
7;0.097204; -0.518209; -0.0102348; 0.753529; 0.137707; 5.41785
7;0.0970566; -0.622601; 0.0759144; 0.473247; -0.0796242; 6.15063
7;0.00823539; -0.536626; -0.0861778; -0.12884; 0.0856263; 3.90481
7;0.0782286; -0.606091; 0.000219345; 0.489798; -0.0916608; 5.62202
7;0.0310273; -0.672056; -0.07477; 0.0703782; -0.00582275; 5.20572
7;-0.0654005; -0.638808; -0.0817051; -0.0653975; -0.153899; 5.1453
7;0.0606996; -0.41869; -0.0678062; 1.09042; -0.11095; 4.15523
7;0.174307; -0.361433; 0.0236397; 0.889955; 0.0167515; 3.3768
8;0.0888622; -0.304814; -0.0560951; 0.890502; 0.0166257; 3.36007
8;0.150578; -0.207048; 0.0357723; 0.944553; -0.147239; 3.12031
8;0.0894982; -0.0864029; -0.0245018; 0.791484; -0.049366; 1.84517
8;0.0829556; -0.305347; -0.0392723; 0.0849434; -0.108706; 3.39713
8;0.123372; 0.131335; 0.0559349; 0.239374; 0.246452; 0.779705
8;-0.0310029; 0.139505; -0.0235996; -0.0850549; -0.10641; -0.156903
8;-0.0327729; 0.147138; -0.0181808; 0.00766361; -0.107245; -0.516504
8;0.0266234; 0.294025; 0.0509319; -0.115021; 0.178039; -0.0972862
8;0.0264606; -0.23534; -0.00872803; -0.279651; 0.0786939; 2.6146
8;-0.0367621; -0.244239; -0.0574188; -0.12449; 0.104488; 3.07907

[ Y2CmaMaisVariacaoemZ ] 2/2/2016 17:25:8
1;-0.0224811; -0.0928307; 0.135454; -0.0950862; -0.121822; 0.943677
1;0.0190573; -0.0487795; 0.00120163; -0.103854; -0.070386; 0.794225
1;-0.0775323; -0.147639; -0.0545177; -0.185213; -0.241214; -0.126685
1;-0.00744128; -0.0547276; 0.139826; -0.135282; -0.0164647; 1.27861
1;-0.0280495; -0.205455; -0.0113983; -0.280907; -0.105611; 2.07889
1;-0.0529318; -0.359158; -0.0216618; -0.286932; -0.0882109; 1.87009
1;-0.0336242; 0.0852861; 0.0370502; 0.0320343; -0.0652432; -1.09734
1;-0.0095948; 0.193906; 0.159979; -0.0159345; -0.0803377; -0.300029
1;-0.00964761; 0.0282679; 0.109636; 0.072124; -0.10993; 1.10184
1;-0.00776529; -0.112325; -0.0626984; 0.018619; -0.00755458; 0.459341
2;0.00767463; -0.229053; -0.0541878; 0.00085932; -0.210911; 1.47142
2;0.0404389; -0.178682; 0.134457; 0.00435518; -0.198784; 1.40611
2;0.00840086; -0.0683374; -0.0548954; 0.0399554; -0.0218149; 1.54345
2;0.0346773; -0.0356016; 0.0709438; 0.0637393; 0.0102766; 0.0417757
2;0.0374458; 0.125014; 0.0455379; 0.107974; 0.0794862; 0.142205
2;0.0145192; -0.00888443; 0.0608883; 0.010359; -0.00935048; 0.189837
2;-0.0242798; -0.106871; -0.0471554; -0.0777116; 0.132297; 0.497643
2;-0.0661149; -0.0791311; 0.100962; -0.352889; -0.0680749; 0.508131
2;-0.0588455; -0.0421495; -0.0169468; -0.239933; 0.052013; -0.489183
2;-0.047978; 0.0239649; 0.179636; -0.222699; -0.0604077; 0.936172
3;-0.0668131; 0.00734234; 0.159399; -0.119617; -0.102084; 1.31883
3;-0.063579; -0.168828; -0.180624; 0.219722; -0.195826; 0.30294
3;0.0173172; -0.00464535; -0.0505219; -0.166099; 0.00974318; -0.392612
3;-0.0465723; -0.080205; -0.0286465; -0.175648; -0.0246235; -0.252847
3;-0.130797; -0.0510197; -0.00389481; -0.404526; -0.263482; -0.0141916
3;-0.0491529; -0.0317478; 0.0359039; -0.384807; -0.184614; 0.929614
3;-0.0958988; -0.151834; 0.00564003; -0.319212; -0.208632; 0.451884
3;-0.0943977; -0.0925083; -0.0296307; -0.315637; -0.177531; 0.3955
3;-0.0253695; -0.09657; -0.0294552; -0.37732; -0.146669; 0.0931768
3;-0.0333982; 0.00286007; 0.130936; -0.198002; -0.100129; 0.34312
4;-0.0659458; -0.12936; -0.0678711; 0.0249878; -0.0100718; 0.245396
4;-0.0123573; -0.0721922; -0.0871372; 0.143114; -0.0404567; 0.191419
4;0.0265512; 0.0270767; 0.115732; 0.184638; -0.0243962; 0.583507
4;0.0114462; -0.0591631; -0.0748177; -0.0552846; 0.0709562; -0.630672
4;-0.045263; 0.122859; 0.00214195; -0.0553985; 0.0959594; -0.689423
4;0.00212413; 0.13835; 0.0790863; -0.101462; 0.0739045; -0.498068
4;0.0465062; 0.0220394; -0.0842171; -0.114819; 0.132171; -0.541577
4;-0.0180671; 0.0436134; -0.0347347; -0.0829714; 0.11901; -0.382212
4;-0.00121123; 0.0813704; -0.0209084; -0.124733; 0.12494; -0.497594
4;-0.101988; 0.178124; -0.109482; -0.114869; -0.149417; -2.20681
5;-0.0314527; 0.315716; 0.0299931; -0.141416; -0.144285; -2.18083
5;-0.0623436; -0.158834; -0.0231266; -0.466579; -0.187627; 1.61621
5;-0.0518919; -0.295339; -0.0994473; -0.428587; -0.193331; 1.64414
5;-0.0235475; -0.0960817; -0.0300541; -0.423645; -0.10093; 1.49699
5;-0.096112; -0.0166807; 0.0788574; -0.831208; -0.12457; -0.405368
5;-0.149551; 0.107329; 0.0562229; -0.731199; -0.0967903; -0.509264
5;-0.0694657; 0.0379858; -0.00634766; -0.548232; -0.188665; -0.623728
5;-0.10372; 0.134295; 0.111755; -0.613452; -0.225851; -0.496924
5;-0.106142; -0.0464849; 0.0171299; -0.544108; -0.156137; -0.337021
5;-0.0722752; 0.114752; 0.0470581; -0.563124; -0.118429; -0.197494
6;-0.126249; -0.0106859; -0.0130291; -0.564763; -0.164687; -0.191519
6;-0.0923612; -0.0534105; 0.0490685; -0.660915; -0.279119; -0.0475669
6;-0.074239; -0.0788097; 0.0742741; -0.507114; -0.374107; 1.47754
6;-0.0866158; -0.136979; -0.0560608; -0.424191; -0.266609; -0.000405788
6;-0.086802; -0.163885; -1.90735e-05; -0.283779; -0.223968; 0.578918
6;-0.0712645; -0.071393; 0.0136833; -0.231959; -0.252002; 0.761986
6;0.00524408; -0.068759; 0.112436; 0.121354; -0.0173081; 1.21348
6;0.0357079; -0.131148; 0.168352; 0.0857184; -0.0548844; 1.22106
6;-0.00564981; -0.284605; -0.0971928; 0.0325463; -0.096127; 0.996676
6;0.00545067; 0.0372934; 0.065155; 0.178127; 0.00541928; 0.17082
7;
[ h ] 2/2/2016 19:9:7

[ Rafael_correcaoPose ] 8/2/2016 13:53:38
1;-0.0749067; 0.234413; 0.198452; -0.900406; 0.221696; -0.172483
1;0.230406; -0.427722; -1.19928; -2.40769; -4.1488; -5.86649
1;0.209855; -0.379517; -0.993027; -2.50058; -4.08296; -5.92127
1;0.407732; -0.52555; -0.943501; -1.57411; -4.12744; -5.27801
1;0.764443; -0.118626; -1.01461; 0.342046; -3.99763; -6.92215
1;0.80913; -0.357722; -0.987083; -0.0775988; -3.77204; -5.16454
1;0.856865; -0.332082; -0.881039; -0.904291; -4.00864; -5.86223
1;0.936924; -0.46261; -0.958664; -0.621299; -4.1007; -4.90289
1;0.930312; -0.2108; -1.03208; -1.10697; -3.66314; -5.04358
1;0.892568; -0.136619; -0.891937; -1.2498; -3.92439; -5.47832
2;0.841882; -0.0421596; -0.915619; -1.43002; -3.86287; -5.3755
2;1.97712; -1.22083; -0.129414; -1.44288; -4.50095; -4.39241
2;2.02668; -1.31948; -0.144234; -1.36666; -4.40006; -4.23345
2;2.0478; -1.32257; -0.0977173; -1.36781; -4.30994; -4.10931
2;2.0719; -1.29409; 0.00775146; -1.51019; -4.17466; -4.09921
2;1.98289; -1.18045; -0.185982; -1.66105; -4.01464; -4.46517
2;1.98233; -1.30457; -0.158272; -1.60294; -3.9108; -4.49544
2;1.96304; -0.889237; -0.149014; -1.16472; -3.64276; -7.73679
2;1.95745; -0.786045; -0.113327; -1.22252; -3.54324; -7.33535
2;1.93302; -0.818491; -0.272438; -1.22415; -3.33988; -6.59685
3;1.95728; -0.893506; -0.235607; -1.21029; -3.34122; -6.43874
3;1.71343; -0.782743; 0.00836563; -2.1726; -2.41057; -4.13566
3;1.77223; -0.824656; -0.0879097; -2.16035; -2.3227; -3.77334
3;1.69593; -0.912379; -0.058609; -1.92707; -2.19953; -2.97384
3;1.69236; -0.909028; -0.0853424; -1.99131; -2.24785; -3.0264
3;1.65525; -0.989274; -0.018837; -2.05109; -2.26721; -3.22289
3;1.70007; -1.05399; 0.102356; -2.12032; -2.17448; -3.25367
3;1.69503; -0.942991; 0.0626411; -2.1405; -2.16154; -3.2561
3;1.6562; -0.772086; -0.058815; -2.0896; -2.26808; -3.58621
3;1.77479; -0.796836; 0.161842; -2.23944; -2.31613; -3.45261
4;1.7617; -0.899547; 0.273308; -2.22732; -2.32085; -3.41456
4;1.72508; -1.06895; -0.0783882; -1.92876; -2.21798; -4.17013
4;1.71884; -0.991729; -0.0783424; -1.92533; -2.48688; -4.17758
4;1.69433; -1.04392; -0.0618286; -1.94222; -2.4874; -4.20256
4;1.71139; -0.915604; -0.14959; -2.07603; -2.48732; -4.4055
4;1.78582; -0.993021; 0.170303; -2.27074; -2.50751; -4.50567
4;1.81189; -1.08274; 0.0824432; -2.04187; -2.54128; -4.11848
4;1.86156; -1.09541; 0.0157127; -2.031; -2.57713; -3.89353
4;1.83793; -1.04271; 0.0644608; -2.22839; -2.65806; -3.72284
4;1.85897; -1.09672; 0.0468025; -2.30774; -2.67308; -3.83919
5;1.94758; -1.20863; 0.0038414; -2.00643; -2.81677; -3.56042
5;1.72994; -1.19032; -0.176537; -2.03842; -2.60439; -3.48151
5;1.70134; -1.24175; -0.265175; -2.12975; -2.56448; -3.29123
5;1.85318; -1.0434; -0.27142; -1.01513; -1.88794; -3.93265
5;1.90184; -1.17237; -0.100399; -1.11974; -1.98433; -4.10347
5;1.8455; -1.12422; -0.23555; -1.15953; -2.07795; -4.14067
5;1.8852; -1.20978; -0.0946732; -1.10684; -2.21714; -3.91768
5;1.84406; -1.12782; -0.0523949; -1.07683; -2.22245; -3.78952
5;1.90908; -1.15761; -0.171612; -1.08132; -2.20996; -3.85681
5;1.90683; -1.16181; -0.103386; -1.09843; -2.21291; -3.86152
6;1.88622; -1.2423; -0.0433617; -1.07613; -2.19757; -3.88393
6;1.76037; -1.34357; -0.259567; -1.5125; -2.2529; -3.41671
6;1.88096; -1.04519; -0.336102; -0.648425; -1.79261; -5.32797
6;1.91743; -1.04299; -0.190277; -0.846507; -2.00415; -5.06622
6;1.90904; -1.14369; -0.164185; -0.884587; -2.0162; -4.91008
6;1.89303; -1.15495; -0.151897; -0.736382; -2.02651; -5.02451
6;2.03416; -1.16976; -0.0326233; -0.822289; -2.10768; -4.9201
6;1.93874; -1.21272; -0.160576; -1.67943; -2.29562; -3.89995
6;1.96054; -1.32098; -0.0893822; -1.57433; -2.32143; -3.93773
6;1.97933; -1.31371; -0.228134; -1.5012; -2.3193; -3.76421
7;1.88352; -1.30584; -0.207676; -1.48669; -2.30627; -3.82137
7;1.78595; -1.35207; -0.344467; -1.40527; -2.2612; -3.83183
7;1.94842; -1.14474; -0.348221; 0.0841897; -1.78417; -5.4205
7;1.97931; -1.06371; -0.356602; -0.0442815; -1.83789; -5.34155
7;1.97475; -1.06553; -0.288738; -0.0550609; -1.8331; -5.32809
7;1.97676; -1.1532; -0.260109; -0.179644; -1.83447; -5.31151
7;2.01187; -1.09974; -0.290318; -0.613986; -1.91143; -5.20292
7;1.95914; -1.07561; -0.323463; -1.0112; -2.10007; -5.14935
7;2.00827; -1.12309; -0.341133; -0.690198; -2.00184; -5.2371
7;1.97795; -1.1703; -0.295155; -1.21444; -2.08037; -5.29725
8;1.96238; -1.23601; -0.254509; -1.21124; -2.06792; -5.34106
8;1.56706; -1.13818; -0.420464; -0.957073; -1.69906; -5.1178
8;1.55409; -1.12267; -0.368843; -0.936012; -1.71107; -5.10573
8;1.51977; -1.14896; -0.532555; -0.884103; -1.68544; -5.15821
8;1.56827; -1.12139; -0.491798; -0.966452; -1.75091; -5.15605
8;1.62027; -1.21725; -0.435566; -0.888673; -1.73437; -4.66367
8;1.59347; -1.17094; -0.50108; -1.38075; -1.81263; -5.31667
8;1.60095; -1.06585; -0.541992; -1.08012; -1.89214; -4.93013
8;1.67989; -1.1927; -0.449062; -1.1389; -1.86453; -4.95362
8;1.64374; -1.17783; -0.522785; -1.01802; -1.82529; -4.91774
